GOVERNMENT.SPENDING
2.14713094277687
2.18827856566612
2.27057381144462
2.39401668011237
2.55860717166937
2.68100049962442
2.76119666397752
2.79919566472866
2.79499750187785
2.82331923598638
2.88416086705426
2.97752239508148
3.10340382006804
3.21639486203544
3.3164955209837
3.4037057969128
3.47802568982275
3.60054337105763
3.77125884061744
3.99017209850217
4.25728314471184
4.53321430531097
4.81796558029956
5.11153696967763
5.41392847344515
5.6213136855741
5.73369260606448
5.75106523491627
5.67343157212949
5.62500547816298
5.60578695301674
5.61577599669078
5.65497260918509
5.67666221050878
5.68084480066184
5.66752037964428
5.63668894745611
5.72168079559839
5.92249592407114
6.23913433287435
6.67159602200803
6.99594228885829
7.21217313342512
7.32028855570854
