GDP
259276.729
245430.44
254263.531
266713.401
257906.065
246525.276
270926.692
280533.166
275826.543
258875.049
279633.22
295436.387
281335.231
277856.563
303052.828
313003.674
298152.671
295110.677
327868.43
328338.419
319288.643
319696.063
348672.061
349189.436
322883.911
326703.705
357639.642
350036.038
342825.079
332803.769
364422.175
354335.575
347710.753
352950.129
390824.134
383816.787
365141.206
365063.112
406457.939
403857.145
378913.944
381611.221
425420.273
424707.959
