M2
305942
314570.6667
322964.3333
331876
338877
342875.6667
356763.6667
373176.6667
379522
389507
403112.6667
414181
418419
426126.3333
438514
416483.3333
484882.6667
514163.3333
533775.6667
520576
564606
591195.3333
624288.6667
650354
690580.3333
723174.3333
726331.3333
757128.6667
770784.3333
800321
846772.3333
883107.6667
938002.6667
990392.6667
1055491.333
1091771.667
1129631.667
1164448.667
1211263.333
1243904.667
1255046.667
1314093.667
1385685
1455658
