UNEMPLOYMENT.RATE
9.1744905842817
9.18469435056902
9.20510188314365
9.23571318200561
9.27652824715488
9.30224297435263
9.31285736359887
9.30837141489359
9.28878512823679
9.28543656227935
9.29832571702127
9.32745259246255
9.37281718860319
9.40183615161817
9.41450948150748
9.41083717827113
9.39081924190912
9.38648437060067
9.39783256434577
9.42486382314442
9.46757814699663
9.49763261773887
9.51502723537112
9.5197619998934
9.51183691130569
9.50393211134834
9.49604760002133
9.48818337732466
9.48033944325835
9.48506609232848
9.50236332453507
9.53223113987811
9.5746695383576
9.60177708240635
9.61355377202437
9.60999960721166
9.59111458796821
9.58711474508354
9.59800007855766
9.62377058839057
9.66442627458227
9.69491803922604
9.71524588232188
9.7254098038698
